Init the Sudoku board from the file: ./grandmaster_001.txt
>>>
|-,1,4,-,9,-,-,7,-|
|8,-,-,4,-,-,-,6,3|
|-,-,-,3,-,-,-,-,-|
|-,-,-,6,-,8,-,-,5|
|-,-,5,-,-,1,-,-,6|
|1,-,3,-,-,-,-,-,-|
|-,-,-,-,7,-,-,4,-|
|2,9,-,1,-,-,-,-,8|
|-,-,-,9,-,-,-,-,-|

Solving the Sudoku...
Fix 0 as 3
Updated blank indexes: [3, 5, 6, 8, 10, 11, 13, 14, 15, 18, 19, 20, 22, 23, 24, 25, 26, 27, 28, 29, 31, 33, 34, 36, 37, 39, 40, 42, 43, 46, 48, 49, 50, 51, 52, 53, 54, 55, 56, 57, 59, 60, 62, 65, 67, 68, 69, 70, 72, 73, 74, 76, 77, 78, 79, 80]
Fix 5 as 6
Updated blank indexes: [3, 6, 8, 10, 11, 13, 14, 15, 18, 19, 20, 22, 23, 24, 25, 26, 27, 28, 29, 31, 33, 34, 36, 37, 39, 40, 42, 43, 46, 48, 49, 50, 51, 52, 53, 54, 55, 56, 57, 59, 60, 62, 65, 67, 68, 69, 70, 72, 73, 74, 76, 77, 78, 79, 80]
Fix 8 as 2
Updated blank indexes: [3, 6, 10, 11, 13, 14, 15, 18, 19, 20, 22, 23, 24, 25, 26, 27, 28, 29, 31, 33, 34, 36, 37, 39, 40, 42, 43, 46, 48, 49, 50, 51, 52, 53, 54, 55, 56, 57, 59, 60, 62, 65, 67, 68, 69, 70, 72, 73, 74, 76, 77, 78, 79, 80]
Fix 0 as 3
Updated blank indexes: [3, 6, 10, 11, 13, 14, 15, 18, 19, 20, 22, 23, 24, 25, 26, 27, 28, 29, 31, 33, 34, 36, 37, 39, 40, 42, 43, 46, 48, 49, 50, 51, 52, 53, 54, 55, 56, 57, 59, 60, 62, 65, 67, 68, 69, 70, 72, 73, 74, 76, 77, 78, 79, 80]
Fix 0 as 3
Updated blank indexes: [3, 6, 10, 11, 13, 14, 15, 18, 19, 20, 22, 23, 24, 25, 26, 27, 28, 29, 31, 33, 34, 36, 37, 39, 40, 42, 43, 46, 48, 49, 50, 51, 52, 53, 54, 55, 56, 57, 59, 60, 62, 65, 67, 68, 69, 70, 72, 73, 74, 76, 77, 78, 79, 80]
Fix 5 as 6
Updated blank indexes: [3, 6, 10, 11, 13, 14, 15, 18, 19, 20, 22, 23, 24, 25, 26, 27, 28, 29, 31, 33, 34, 36, 37, 39, 40, 42, 43, 46, 48, 49, 50, 51, 52, 53, 54, 55, 56, 57, 59, 60, 62, 65, 67, 68, 69, 70, 72, 73, 74, 76, 77, 78, 79, 80]
Fix 8 as 2
Updated blank indexes: [3, 6, 10, 11, 13, 14, 15, 18, 19, 20, 22, 23, 24, 25, 26, 27, 28, 29, 31, 33, 34, 36, 37, 39, 40, 42, 43, 46, 48, 49, 50, 51, 52, 53, 54, 55, 56, 57, 59, 60, 62, 65, 67, 68, 69, 70, 72, 73, 74, 76, 77, 78, 79, 80]
Fix 37 as 8
Updated blank indexes: [3, 6, 10, 11, 13, 14, 15, 18, 19, 20, 22, 23, 24, 25, 26, 27, 28, 29, 31, 33, 34, 36, 39, 40, 42, 43, 46, 48, 49, 50, 51, 52, 53, 54, 55, 56, 57, 59, 60, 62, 65, 67, 68, 69, 70, 72, 73, 74, 76, 77, 78, 79, 80]
Fix 46 as 6
Updated blank indexes: [3, 6, 10, 11, 13, 14, 15, 18, 19, 20, 22, 23, 24, 25, 26, 27, 28, 29, 31, 33, 34, 36, 39, 40, 42, 43, 48, 49, 50, 51, 52, 53, 54, 55, 56, 57, 59, 60, 62, 65, 67, 68, 69, 70, 72, 73, 74, 76, 77, 78, 79, 80]
Fix 37 as 8
Updated blank indexes: [3, 6, 10, 11, 13, 14, 15, 18, 19, 20, 22, 23, 24, 25, 26, 27, 28, 29, 31, 33, 34, 36, 39, 40, 42, 43, 48, 49, 50, 51, 52, 53, 54, 55, 56, 57, 59, 60, 62, 65, 67, 68, 69, 70, 72, 73, 74, 76, 77, 78, 79, 80]
Fix 50 as 9
Updated blank indexes: [3, 6, 10, 11, 13, 14, 15, 18, 19, 20, 22, 23, 24, 25, 26, 27, 28, 29, 31, 33, 34, 36, 39, 40, 42, 43, 48, 49, 51, 52, 53, 54, 55, 56, 57, 59, 60, 62, 65, 67, 68, 69, 70, 72, 73, 74, 76, 77, 78, 79, 80]
Fix 46 as 6
Updated blank indexes: [3, 6, 10, 11, 13, 14, 15, 18, 19, 20, 22, 23, 24, 25, 26, 27, 28, 29, 31, 33, 34, 36, 39, 40, 42, 43, 48, 49, 51, 52, 53, 54, 55, 56, 57, 59, 60, 62, 65, 67, 68, 69, 70, 72, 73, 74, 76, 77, 78, 79, 80]
Fix 50 as 9
Updated blank indexes: [3, 6, 10, 11, 13, 14, 15, 18, 19, 20, 22, 23, 24, 25, 26, 27, 28, 29, 31, 33, 34, 36, 39, 40, 42, 43, 48, 49, 51, 52, 53, 54, 55, 56, 57, 59, 60, 62, 65, 67, 68, 69, 70, 72, 73, 74, 76, 77, 78, 79, 80]
Fix 5 as 6
Updated blank indexes: [3, 6, 10, 11, 13, 14, 15, 18, 19, 20, 22, 23, 24, 25, 26, 27, 28, 29, 31, 33, 34, 36, 39, 40, 42, 43, 48, 49, 51, 52, 53, 54, 55, 56, 57, 59, 60, 62, 65, 67, 68, 69, 70, 72, 73, 74, 76, 77, 78, 79, 80]
Fix 50 as 9
Updated blank indexes: [3, 6, 10, 11, 13, 14, 15, 18, 19, 20, 22, 23, 24, 25, 26, 27, 28, 29, 31, 33, 34, 36, 39, 40, 42, 43, 48, 49, 51, 52, 53, 54, 55, 56, 57, 59, 60, 62, 65, 67, 68, 69, 70, 72, 73, 74, 76, 77, 78, 79, 80]
Fix 8 as 2
Updated blank indexes: [3, 6, 10, 11, 13, 14, 15, 18, 19, 20, 22, 23, 24, 25, 26, 27, 28, 29, 31, 33, 34, 36, 39, 40, 42, 43, 48, 49, 51, 52, 53, 54, 55, 56, 57, 59, 60, 62, 65, 67, 68, 69, 70, 72, 73, 74, 76, 77, 78, 79, 80]
Fix 5 as 6
Updated blank indexes: [3, 6, 10, 11, 13, 14, 15, 18, 19, 20, 22, 23, 24, 25, 26, 27, 28, 29, 31, 33, 34, 36, 39, 40, 42, 43, 48, 49, 51, 52, 53, 54, 55, 56, 57, 59, 60, 62, 65, 67, 68, 69, 70, 72, 73, 74, 76, 77, 78, 79, 80]
Fix 5 as 6
Updated blank indexes: [3, 6, 10, 11, 13, 14, 15, 18, 19, 20, 22, 23, 24, 25, 26, 27, 28, 29, 31, 33, 34, 36, 39, 40, 42, 43, 48, 49, 51, 52, 53, 54, 55, 56, 57, 59, 60, 62, 65, 67, 68, 69, 70, 72, 73, 74, 76, 77, 78, 79, 80]
Fix 5 as 6
Updated blank indexes: [3, 6, 10, 11, 13, 14, 15, 18, 19, 20, 22, 23, 24, 25, 26, 27, 28, 29, 31, 33, 34, 36, 39, 40, 42, 43, 48, 49, 51, 52, 53, 54, 55, 56, 57, 59, 60, 62, 65, 67, 68, 69, 70, 72, 73, 74, 76, 77, 78, 79, 80]
Fix 8 as 2
Updated blank indexes: [3, 6, 10, 11, 13, 14, 15, 18, 19, 20, 22, 23, 24, 25, 26, 27, 28, 29, 31, 33, 34, 36, 39, 40, 42, 43, 48, 49, 51, 52, 53, 54, 55, 56, 57, 59, 60, 62, 65, 67, 68, 69, 70, 72, 73, 74, 76, 77, 78, 79, 80]
Fix 8 as 2
Updated blank indexes: [3, 6, 10, 11, 13, 14, 15, 18, 19, 20, 22, 23, 24, 25, 26, 27, 28, 29, 31, 33, 34, 36, 39, 40, 42, 43, 48, 49, 51, 52, 53, 54, 55, 56, 57, 59, 60, 62, 65, 67, 68, 69, 70, 72, 73, 74, 76, 77, 78, 79, 80]
Fix 8 as 2
Updated blank indexes: [3, 6, 10, 11, 13, 14, 15, 18, 19, 20, 22, 23, 24, 25, 26, 27, 28, 29, 31, 33, 34, 36, 39, 40, 42, 43, 48, 49, 51, 52, 53, 54, 55, 56, 57, 59, 60, 62, 65, 67, 68, 69, 70, 72, 73, 74, 76, 77, 78, 79, 80]
Fix 0 as 3
Updated blank indexes: [3, 6, 10, 11, 13, 14, 15, 18, 19, 20, 22, 23, 24, 25, 26, 27, 28, 29, 31, 33, 34, 36, 39, 40, 42, 43, 48, 49, 51, 52, 53, 54, 55, 56, 57, 59, 60, 62, 65, 67, 68, 69, 70, 72, 73, 74, 76, 77, 78, 79, 80]
Fix 0 as 3
Updated blank indexes: [3, 6, 10, 11, 13, 14, 15, 18, 19, 20, 22, 23, 24, 25, 26, 27, 28, 29, 31, 33, 34, 36, 39, 40, 42, 43, 48, 49, 51, 52, 53, 54, 55, 56, 57, 59, 60, 62, 65, 67, 68, 69, 70, 72, 73, 74, 76, 77, 78, 79, 80]
Fix 0 as 3
Updated blank indexes: [3, 6, 10, 11, 13, 14, 15, 18, 19, 20, 22, 23, 24, 25, 26, 27, 28, 29, 31, 33, 34, 36, 39, 40, 42, 43, 48, 49, 51, 52, 53, 54, 55, 56, 57, 59, 60, 62, 65, 67, 68, 69, 70, 72, 73, 74, 76, 77, 78, 79, 80]
Fix 5 as 6
Updated blank indexes: [3, 6, 10, 11, 13, 14, 15, 18, 19, 20, 22, 23, 24, 25, 26, 27, 28, 29, 31, 33, 34, 36, 39, 40, 42, 43, 48, 49, 51, 52, 53, 54, 55, 56, 57, 59, 60, 62, 65, 67, 68, 69, 70, 72, 73, 74, 76, 77, 78, 79, 80]
Fix 5 as 6
Updated blank indexes: [3, 6, 10, 11, 13, 14, 15, 18, 19, 20, 22, 23, 24, 25, 26, 27, 28, 29, 31, 33, 34, 36, 39, 40, 42, 43, 48, 49, 51, 52, 53, 54, 55, 56, 57, 59, 60, 62, 65, 67, 68, 69, 70, 72, 73, 74, 76, 77, 78, 79, 80]
Fix 5 as 6
Updated blank indexes: [3, 6, 10, 11, 13, 14, 15, 18, 19, 20, 22, 23, 24, 25, 26, 27, 28, 29, 31, 33, 34, 36, 39, 40, 42, 43, 48, 49, 51, 52, 53, 54, 55, 56, 57, 59, 60, 62, 65, 67, 68, 69, 70, 72, 73, 74, 76, 77, 78, 79, 80]
Fix 8 as 2
Updated blank indexes: [3, 6, 10, 11, 13, 14, 15, 18, 19, 20, 22, 23, 24, 25, 26, 27, 28, 29, 31, 33, 34, 36, 39, 40, 42, 43, 48, 49, 51, 52, 53, 54, 55, 56, 57, 59, 60, 62, 65, 67, 68, 69, 70, 72, 73, 74, 76, 77, 78, 79, 80]
Fix 8 as 2
Updated blank indexes: [3, 6, 10, 11, 13, 14, 15, 18, 19, 20, 22, 23, 24, 25, 26, 27, 28, 29, 31, 33, 34, 36, 39, 40, 42, 43, 48, 49, 51, 52, 53, 54, 55, 56, 57, 59, 60, 62, 65, 67, 68, 69, 70, 72, 73, 74, 76, 77, 78, 79, 80]
Fix 8 as 2
Updated blank indexes: [3, 6, 10, 11, 13, 14, 15, 18, 19, 20, 22, 23, 24, 25, 26, 27, 28, 29, 31, 33, 34, 36, 39, 40, 42, 43, 48, 49, 51, 52, 53, 54, 55, 56, 57, 59, 60, 62, 65, 67, 68, 69, 70, 72, 73, 74, 76, 77, 78, 79, 80]
Fix 0 as 3
Updated blank indexes: [3, 6, 10, 11, 13, 14, 15, 18, 19, 20, 22, 23, 24, 25, 26, 27, 28, 29, 31, 33, 34, 36, 39, 40, 42, 43, 48, 49, 51, 52, 53, 54, 55, 56, 57, 59, 60, 62, 65, 67, 68, 69, 70, 72, 73, 74, 76, 77, 78, 79, 80]
Fix 0 as 3
Updated blank indexes: [3, 6, 10, 11, 13, 14, 15, 18, 19, 20, 22, 23, 24, 25, 26, 27, 28, 29, 31, 33, 34, 36, 39, 40, 42, 43, 48, 49, 51, 52, 53, 54, 55, 56, 57, 59, 60, 62, 65, 67, 68, 69, 70, 72, 73, 74, 76, 77, 78, 79, 80]
Fix 0 as 3
Updated blank indexes: [3, 6, 10, 11, 13, 14, 15, 18, 19, 20, 22, 23, 24, 25, 26, 27, 28, 29, 31, 33, 34, 36, 39, 40, 42, 43, 48, 49, 51, 52, 53, 54, 55, 56, 57, 59, 60, 62, 65, 67, 68, 69, 70, 72, 73, 74, 76, 77, 78, 79, 80]
Fix 8 as 2
Updated blank indexes: [3, 6, 10, 11, 13, 14, 15, 18, 19, 20, 22, 23, 24, 25, 26, 27, 28, 29, 31, 33, 34, 36, 39, 40, 42, 43, 48, 49, 51, 52, 53, 54, 55, 56, 57, 59, 60, 62, 65, 67, 68, 69, 70, 72, 73, 74, 76, 77, 78, 79, 80]
Fix 8 as 2
Updated blank indexes: [3, 6, 10, 11, 13, 14, 15, 18, 19, 20, 22, 23, 24, 25, 26, 27, 28, 29, 31, 33, 34, 36, 39, 40, 42, 43, 48, 49, 51, 52, 53, 54, 55, 56, 57, 59, 60, 62, 65, 67, 68, 69, 70, 72, 73, 74, 76, 77, 78, 79, 80]
Fix 8 as 2
Updated blank indexes: [3, 6, 10, 11, 13, 14, 15, 18, 19, 20, 22, 23, 24, 25, 26, 27, 28, 29, 31, 33, 34, 36, 39, 40, 42, 43, 48, 49, 51, 52, 53, 54, 55, 56, 57, 59, 60, 62, 65, 67, 68, 69, 70, 72, 73, 74, 76, 77, 78, 79, 80]
Fix 0 as 3
Updated blank indexes: [3, 6, 10, 11, 13, 14, 15, 18, 19, 20, 22, 23, 24, 25, 26, 27, 28, 29, 31, 33, 34, 36, 39, 40, 42, 43, 48, 49, 51, 52, 53, 54, 55, 56, 57, 59, 60, 62, 65, 67, 68, 69, 70, 72, 73, 74, 76, 77, 78, 79, 80]
Fix 0 as 3
Updated blank indexes: [3, 6, 10, 11, 13, 14, 15, 18, 19, 20, 22, 23, 24, 25, 26, 27, 28, 29, 31, 33, 34, 36, 39, 40, 42, 43, 48, 49, 51, 52, 53, 54, 55, 56, 57, 59, 60, 62, 65, 67, 68, 69, 70, 72, 73, 74, 76, 77, 78, 79, 80]
Fix 0 as 3
Updated blank indexes: [3, 6, 10, 11, 13, 14, 15, 18, 19, 20, 22, 23, 24, 25, 26, 27, 28, 29, 31, 33, 34, 36, 39, 40, 42, 43, 48, 49, 51, 52, 53, 54, 55, 56, 57, 59, 60, 62, 65, 67, 68, 69, 70, 72, 73, 74, 76, 77, 78, 79, 80]
Fix 5 as 6
Updated blank indexes: [3, 6, 10, 11, 13, 14, 15, 18, 19, 20, 22, 23, 24, 25, 26, 27, 28, 29, 31, 33, 34, 36, 39, 40, 42, 43, 48, 49, 51, 52, 53, 54, 55, 56, 57, 59, 60, 62, 65, 67, 68, 69, 70, 72, 73, 74, 76, 77, 78, 79, 80]
Fix 5 as 6
Updated blank indexes: [3, 6, 10, 11, 13, 14, 15, 18, 19, 20, 22, 23, 24, 25, 26, 27, 28, 29, 31, 33, 34, 36, 39, 40, 42, 43, 48, 49, 51, 52, 53, 54, 55, 56, 57, 59, 60, 62, 65, 67, 68, 69, 70, 72, 73, 74, 76, 77, 78, 79, 80]
Fix 5 as 6
Updated blank indexes: [3, 6, 10, 11, 13, 14, 15, 18, 19, 20, 22, 23, 24, 25, 26, 27, 28, 29, 31, 33, 34, 36, 39, 40, 42, 43, 48, 49, 51, 52, 53, 54, 55, 56, 57, 59, 60, 62, 65, 67, 68, 69, 70, 72, 73, 74, 76, 77, 78, 79, 80]
Fix 8 as 2
Updated blank indexes: [3, 6, 10, 11, 13, 14, 15, 18, 19, 20, 22, 23, 24, 25, 26, 27, 28, 29, 31, 33, 34, 36, 39, 40, 42, 43, 48, 49, 51, 52, 53, 54, 55, 56, 57, 59, 60, 62, 65, 67, 68, 69, 70, 72, 73, 74, 76, 77, 78, 79, 80]
Fix 8 as 2
Updated blank indexes: [3, 6, 10, 11, 13, 14, 15, 18, 19, 20, 22, 23, 24, 25, 26, 27, 28, 29, 31, 33, 34, 36, 39, 40, 42, 43, 48, 49, 51, 52, 53, 54, 55, 56, 57, 59, 60, 62, 65, 67, 68, 69, 70, 72, 73, 74, 76, 77, 78, 79, 80]
Fix 8 as 2
Updated blank indexes: [3, 6, 10, 11, 13, 14, 15, 18, 19, 20, 22, 23, 24, 25, 26, 27, 28, 29, 31, 33, 34, 36, 39, 40, 42, 43, 48, 49, 51, 52, 53, 54, 55, 56, 57, 59, 60, 62, 65, 67, 68, 69, 70, 72, 73, 74, 76, 77, 78, 79, 80]
Fix 0 as 3
Updated blank indexes: [3, 6, 10, 11, 13, 14, 15, 18, 19, 20, 22, 23, 24, 25, 26, 27, 28, 29, 31, 33, 34, 36, 39, 40, 42, 43, 48, 49, 51, 52, 53, 54, 55, 56, 57, 59, 60, 62, 65, 67, 68, 69, 70, 72, 73, 74, 76, 77, 78, 79, 80]
Fix 0 as 3
Updated blank indexes: [3, 6, 10, 11, 13, 14, 15, 18, 19, 20, 22, 23, 24, 25, 26, 27, 28, 29, 31, 33, 34, 36, 39, 40, 42, 43, 48, 49, 51, 52, 53, 54, 55, 56, 57, 59, 60, 62, 65, 67, 68, 69, 70, 72, 73, 74, 76, 77, 78, 79, 80]
Fix 0 as 3
Updated blank indexes: [3, 6, 10, 11, 13, 14, 15, 18, 19, 20, 22, 23, 24, 25, 26, 27, 28, 29, 31, 33, 34, 36, 39, 40, 42, 43, 48, 49, 51, 52, 53, 54, 55, 56, 57, 59, 60, 62, 65, 67, 68, 69, 70, 72, 73, 74, 76, 77, 78, 79, 80]
Fix 0 as 3
Updated blank indexes: [3, 6, 10, 11, 13, 14, 15, 18, 19, 20, 22, 23, 24, 25, 26, 27, 28, 29, 31, 33, 34, 36, 39, 40, 42, 43, 48, 49, 51, 52, 53, 54, 55, 56, 57, 59, 60, 62, 65, 67, 68, 69, 70, 72, 73, 74, 76, 77, 78, 79, 80]
Fix 0 as 3
Updated blank indexes: [3, 6, 10, 11, 13, 14, 15, 18, 19, 20, 22, 23, 24, 25, 26, 27, 28, 29, 31, 33, 34, 36, 39, 40, 42, 43, 48, 49, 51, 52, 53, 54, 55, 56, 57, 59, 60, 62, 65, 67, 68, 69, 70, 72, 73, 74, 76, 77, 78, 79, 80]
Fix 0 as 3
Updated blank indexes: [3, 6, 10, 11, 13, 14, 15, 18, 19, 20, 22, 23, 24, 25, 26, 27, 28, 29, 31, 33, 34, 36, 39, 40, 42, 43, 48, 49, 51, 52, 53, 54, 55, 56, 57, 59, 60, 62, 65, 67, 68, 69, 70, 72, 73, 74, 76, 77, 78, 79, 80]
Fix 5 as 6
Updated blank indexes: [3, 6, 10, 11, 13, 14, 15, 18, 19, 20, 22, 23, 24, 25, 26, 27, 28, 29, 31, 33, 34, 36, 39, 40, 42, 43, 48, 49, 51, 52, 53, 54, 55, 56, 57, 59, 60, 62, 65, 67, 68, 69, 70, 72, 73, 74, 76, 77, 78, 79, 80]
Fix 5 as 6
Updated blank indexes: [3, 6, 10, 11, 13, 14, 15, 18, 19, 20, 22, 23, 24, 25, 26, 27, 28, 29, 31, 33, 34, 36, 39, 40, 42, 43, 48, 49, 51, 52, 53, 54, 55, 56, 57, 59, 60, 62, 65, 67, 68, 69, 70, 72, 73, 74, 76, 77, 78, 79, 80]
Fix 5 as 6
Updated blank indexes: [3, 6, 10, 11, 13, 14, 15, 18, 19, 20, 22, 23, 24, 25, 26, 27, 28, 29, 31, 33, 34, 36, 39, 40, 42, 43, 48, 49, 51, 52, 53, 54, 55, 56, 57, 59, 60, 62, 65, 67, 68, 69, 70, 72, 73, 74, 76, 77, 78, 79, 80]
Fix 5 as 6
Updated blank indexes: [3, 6, 10, 11, 13, 14, 15, 18, 19, 20, 22, 23, 24, 25, 26, 27, 28, 29, 31, 33, 34, 36, 39, 40, 42, 43, 48, 49, 51, 52, 53, 54, 55, 56, 57, 59, 60, 62, 65, 67, 68, 69, 70, 72, 73, 74, 76, 77, 78, 79, 80]
Fix 5 as 6
Updated blank indexes: [3, 6, 10, 11, 13, 14, 15, 18, 19, 20, 22, 23, 24, 25, 26, 27, 28, 29, 31, 33, 34, 36, 39, 40, 42, 43, 48, 49, 51, 52, 53, 54, 55, 56, 57, 59, 60, 62, 65, 67, 68, 69, 70, 72, 73, 74, 76, 77, 78, 79, 80]
Fix 5 as 6
Updated blank indexes: [3, 6, 10, 11, 13, 14, 15, 18, 19, 20, 22, 23, 24, 25, 26, 27, 28, 29, 31, 33, 34, 36, 39, 40, 42, 43, 48, 49, 51, 52, 53, 54, 55, 56, 57, 59, 60, 62, 65, 67, 68, 69, 70, 72, 73, 74, 76, 77, 78, 79, 80]
Fix 8 as 2
Updated blank indexes: [3, 6, 10, 11, 13, 14, 15, 18, 19, 20, 22, 23, 24, 25, 26, 27, 28, 29, 31, 33, 34, 36, 39, 40, 42, 43, 48, 49, 51, 52, 53, 54, 55, 56, 57, 59, 60, 62, 65, 67, 68, 69, 70, 72, 73, 74, 76, 77, 78, 79, 80]
Fix 8 as 2
Updated blank indexes: [3, 6, 10, 11, 13, 14, 15, 18, 19, 20, 22, 23, 24, 25, 26, 27, 28, 29, 31, 33, 34, 36, 39, 40, 42, 43, 48, 49, 51, 52, 53, 54, 55, 56, 57, 59, 60, 62, 65, 67, 68, 69, 70, 72, 73, 74, 76, 77, 78, 79, 80]
Fix 8 as 2
Updated blank indexes: [3, 6, 10, 11, 13, 14, 15, 18, 19, 20, 22, 23, 24, 25, 26, 27, 28, 29, 31, 33, 34, 36, 39, 40, 42, 43, 48, 49, 51, 52, 53, 54, 55, 56, 57, 59, 60, 62, 65, 67, 68, 69, 70, 72, 73, 74, 76, 77, 78, 79, 80]
Fix 8 as 2
Updated blank indexes: [3, 6, 10, 11, 13, 14, 15, 18, 19, 20, 22, 23, 24, 25, 26, 27, 28, 29, 31, 33, 34, 36, 39, 40, 42, 43, 48, 49, 51, 52, 53, 54, 55, 56, 57, 59, 60, 62, 65, 67, 68, 69, 70, 72, 73, 74, 76, 77, 78, 79, 80]
Fix 8 as 2
Updated blank indexes: [3, 6, 10, 11, 13, 14, 15, 18, 19, 20, 22, 23, 24, 25, 26, 27, 28, 29, 31, 33, 34, 36, 39, 40, 42, 43, 48, 49, 51, 52, 53, 54, 55, 56, 57, 59, 60, 62, 65, 67, 68, 69, 70, 72, 73, 74, 76, 77, 78, 79, 80]
Fix 8 as 2
Updated blank indexes: [3, 6, 10, 11, 13, 14, 15, 18, 19, 20, 22, 23, 24, 25, 26, 27, 28, 29, 31, 33, 34, 36, 39, 40, 42, 43, 48, 49, 51, 52, 53, 54, 55, 56, 57, 59, 60, 62, 65, 67, 68, 69, 70, 72, 73, 74, 76, 77, 78, 79, 80]
Fix 8 as 2
Updated blank indexes: [3, 6, 10, 11, 13, 14, 15, 18, 19, 20, 22, 23, 24, 25, 26, 27, 28, 29, 31, 33, 34, 36, 39, 40, 42, 43, 48, 49, 51, 52, 53, 54, 55, 56, 57, 59, 60, 62, 65, 67, 68, 69, 70, 72, 73, 74, 76, 77, 78, 79, 80]
Fix 8 as 2
Updated blank indexes: [3, 6, 10, 11, 13, 14, 15, 18, 19, 20, 22, 23, 24, 25, 26, 27, 28, 29, 31, 33, 34, 36, 39, 40, 42, 43, 48, 49, 51, 52, 53, 54, 55, 56, 57, 59, 60, 62, 65, 67, 68, 69, 70, 72, 73, 74, 76, 77, 78, 79, 80]
Fix 8 as 2
Updated blank indexes: [3, 6, 10, 11, 13, 14, 15, 18, 19, 20, 22, 23, 24, 25, 26, 27, 28, 29, 31, 33, 34, 36, 39, 40, 42, 43, 48, 49, 51, 52, 53, 54, 55, 56, 57, 59, 60, 62, 65, 67, 68, 69, 70, 72, 73, 74, 76, 77, 78, 79, 80]
Fix 8 as 2
Updated blank indexes: [3, 6, 10, 11, 13, 14, 15, 18, 19, 20, 22, 23, 24, 25, 26, 27, 28, 29, 31, 33, 34, 36, 39, 40, 42, 43, 48, 49, 51, 52, 53, 54, 55, 56, 57, 59, 60, 62, 65, 67, 68, 69, 70, 72, 73, 74, 76, 77, 78, 79, 80]
Fix 8 as 2
Updated blank indexes: [3, 6, 10, 11, 13, 14, 15, 18, 19, 20, 22, 23, 24, 25, 26, 27, 28, 29, 31, 33, 34, 36, 39, 40, 42, 43, 48, 49, 51, 52, 53, 54, 55, 56, 57, 59, 60, 62, 65, 67, 68, 69, 70, 72, 73, 74, 76, 77, 78, 79, 80]
Fix 8 as 2
Updated blank indexes: [3, 6, 10, 11, 13, 14, 15, 18, 19, 20, 22, 23, 24, 25, 26, 27, 28, 29, 31, 33, 34, 36, 39, 40, 42, 43, 48, 49, 51, 52, 53, 54, 55, 56, 57, 59, 60, 62, 65, 67, 68, 69, 70, 72, 73, 74, 76, 77, 78, 79, 80]
Fix 46 as 6
Updated blank indexes: [3, 6, 10, 11, 13, 14, 15, 18, 19, 20, 22, 23, 24, 25, 26, 27, 28, 29, 31, 33, 34, 36, 39, 40, 42, 43, 48, 49, 51, 52, 53, 54, 55, 56, 57, 59, 60, 62, 65, 67, 68, 69, 70, 72, 73, 74, 76, 77, 78, 79, 80]
Fix 46 as 6
Updated blank indexes: [3, 6, 10, 11, 13, 14, 15, 18, 19, 20, 22, 23, 24, 25, 26, 27, 28, 29, 31, 33, 34, 36, 39, 40, 42, 43, 48, 49, 51, 52, 53, 54, 55, 56, 57, 59, 60, 62, 65, 67, 68, 69, 70, 72, 73, 74, 76, 77, 78, 79, 80]
Fix 46 as 6
Updated blank indexes: [3, 6, 10, 11, 13, 14, 15, 18, 19, 20, 22, 23, 24, 25, 26, 27, 28, 29, 31, 33, 34, 36, 39, 40, 42, 43, 48, 49, 51, 52, 53, 54, 55, 56, 57, 59, 60, 62, 65, 67, 68, 69, 70, 72, 73, 74, 76, 77, 78, 79, 80]
Fix 37 as 8
Updated blank indexes: [3, 6, 10, 11, 13, 14, 15, 18, 19, 20, 22, 23, 24, 25, 26, 27, 28, 29, 31, 33, 34, 36, 39, 40, 42, 43, 48, 49, 51, 52, 53, 54, 55, 56, 57, 59, 60, 62, 65, 67, 68, 69, 70, 72, 73, 74, 76, 77, 78, 79, 80]
Fix 37 as 8
Updated blank indexes: [3, 6, 10, 11, 13, 14, 15, 18, 19, 20, 22, 23, 24, 25, 26, 27, 28, 29, 31, 33, 34, 36, 39, 40, 42, 43, 48, 49, 51, 52, 53, 54, 55, 56, 57, 59, 60, 62, 65, 67, 68, 69, 70, 72, 73, 74, 76, 77, 78, 79, 80]
Fix 37 as 8
Updated blank indexes: [3, 6, 10, 11, 13, 14, 15, 18, 19, 20, 22, 23, 24, 25, 26, 27, 28, 29, 31, 33, 34, 36, 39, 40, 42, 43, 48, 49, 51, 52, 53, 54, 55, 56, 57, 59, 60, 62, 65, 67, 68, 69, 70, 72, 73, 74, 76, 77, 78, 79, 80]
Fix 37 as 8
Updated blank indexes: [3, 6, 10, 11, 13, 14, 15, 18, 19, 20, 22, 23, 24, 25, 26, 27, 28, 29, 31, 33, 34, 36, 39, 40, 42, 43, 48, 49, 51, 52, 53, 54, 55, 56, 57, 59, 60, 62, 65, 67, 68, 69, 70, 72, 73, 74, 76, 77, 78, 79, 80]
Fix 37 as 8
Updated blank indexes: [3, 6, 10, 11, 13, 14, 15, 18, 19, 20, 22, 23, 24, 25, 26, 27, 28, 29, 31, 33, 34, 36, 39, 40, 42, 43, 48, 49, 51, 52, 53, 54, 55, 56, 57, 59, 60, 62, 65, 67, 68, 69, 70, 72, 73, 74, 76, 77, 78, 79, 80]
Fix 37 as 8
Updated blank indexes: [3, 6, 10, 11, 13, 14, 15, 18, 19, 20, 22, 23, 24, 25, 26, 27, 28, 29, 31, 33, 34, 36, 39, 40, 42, 43, 48, 49, 51, 52, 53, 54, 55, 56, 57, 59, 60, 62, 65, 67, 68, 69, 70, 72, 73, 74, 76, 77, 78, 79, 80]
Fix 37 as 8
Updated blank indexes: [3, 6, 10, 11, 13, 14, 15, 18, 19, 20, 22, 23, 24, 25, 26, 27, 28, 29, 31, 33, 34, 36, 39, 40, 42, 43, 48, 49, 51, 52, 53, 54, 55, 56, 57, 59, 60, 62, 65, 67, 68, 69, 70, 72, 73, 74, 76, 77, 78, 79, 80]
Fix 37 as 8
Updated blank indexes: [3, 6, 10, 11, 13, 14, 15, 18, 19, 20, 22, 23, 24, 25, 26, 27, 28, 29, 31, 33, 34, 36, 39, 40, 42, 43, 48, 49, 51, 52, 53, 54, 55, 56, 57, 59, 60, 62, 65, 67, 68, 69, 70, 72, 73, 74, 76, 77, 78, 79, 80]
Fix 37 as 8
Updated blank indexes: [3, 6, 10, 11, 13, 14, 15, 18, 19, 20, 22, 23, 24, 25, 26, 27, 28, 29, 31, 33, 34, 36, 39, 40, 42, 43, 48, 49, 51, 52, 53, 54, 55, 56, 57, 59, 60, 62, 65, 67, 68, 69, 70, 72, 73, 74, 76, 77, 78, 79, 80]
Fix 46 as 6
Updated blank indexes: [3, 6, 10, 11, 13, 14, 15, 18, 19, 20, 22, 23, 24, 25, 26, 27, 28, 29, 31, 33, 34, 36, 39, 40, 42, 43, 48, 49, 51, 52, 53, 54, 55, 56, 57, 59, 60, 62, 65, 67, 68, 69, 70, 72, 73, 74, 76, 77, 78, 79, 80]
Fix 46 as 6
Updated blank indexes: [3, 6, 10, 11, 13, 14, 15, 18, 19, 20, 22, 23, 24, 25, 26, 27, 28, 29, 31, 33, 34, 36, 39, 40, 42, 43, 48, 49, 51, 52, 53, 54, 55, 56, 57, 59, 60, 62, 65, 67, 68, 69, 70, 72, 73, 74, 76, 77, 78, 79, 80]
Fix 46 as 6
Updated blank indexes: [3, 6, 10, 11, 13, 14, 15, 18, 19, 20, 22, 23, 24, 25, 26, 27, 28, 29, 31, 33, 34, 36, 39, 40, 42, 43, 48, 49, 51, 52, 53, 54, 55, 56, 57, 59, 60, 62, 65, 67, 68, 69, 70, 72, 73, 74, 76, 77, 78, 79, 80]
Fix 50 as 9
Updated blank indexes: [3, 6, 10, 11, 13, 14, 15, 18, 19, 20, 22, 23, 24, 25, 26, 27, 28, 29, 31, 33, 34, 36, 39, 40, 42, 43, 48, 49, 51, 52, 53, 54, 55, 56, 57, 59, 60, 62, 65, 67, 68, 69, 70, 72, 73, 74, 76, 77, 78, 79, 80]
Fix 50 as 9
Updated blank indexes: [3, 6, 10, 11, 13, 14, 15, 18, 19, 20, 22, 23, 24, 25, 26, 27, 28, 29, 31, 33, 34, 36, 39, 40, 42, 43, 48, 49, 51, 52, 53, 54, 55, 56, 57, 59, 60, 62, 65, 67, 68, 69, 70, 72, 73, 74, 76, 77, 78, 79, 80]
Fix 50 as 9
Updated blank indexes: [3, 6, 10, 11, 13, 14, 15, 18, 19, 20, 22, 23, 24, 25, 26, 27, 28, 29, 31, 33, 34, 36, 39, 40, 42, 43, 48, 49, 51, 52, 53, 54, 55, 56, 57, 59, 60, 62, 65, 67, 68, 69, 70, 72, 73, 74, 76, 77, 78, 79, 80]
Fix 46 as 6
Updated blank indexes: [3, 6, 10, 11, 13, 14, 15, 18, 19, 20, 22, 23, 24, 25, 26, 27, 28, 29, 31, 33, 34, 36, 39, 40, 42, 43, 48, 49, 51, 52, 53, 54, 55, 56, 57, 59, 60, 62, 65, 67, 68, 69, 70, 72, 73, 74, 76, 77, 78, 79, 80]
Fix 46 as 6
Updated blank indexes: [3, 6, 10, 11, 13, 14, 15, 18, 19, 20, 22, 23, 24, 25, 26, 27, 28, 29, 31, 33, 34, 36, 39, 40, 42, 43, 48, 49, 51, 52, 53, 54, 55, 56, 57, 59, 60, 62, 65, 67, 68, 69, 70, 72, 73, 74, 76, 77, 78, 79, 80]
Fix 46 as 6
Updated blank indexes: [3, 6, 10, 11, 13, 14, 15, 18, 19, 20, 22, 23, 24, 25, 26, 27, 28, 29, 31, 33, 34, 36, 39, 40, 42, 43, 48, 49, 51, 52, 53, 54, 55, 56, 57, 59, 60, 62, 65, 67, 68, 69, 70, 72, 73, 74, 76, 77, 78, 79, 80]
Fix 50 as 9
Updated blank indexes: [3, 6, 10, 11, 13, 14, 15, 18, 19, 20, 22, 23, 24, 25, 26, 27, 28, 29, 31, 33, 34, 36, 39, 40, 42, 43, 48, 49, 51, 52, 53, 54, 55, 56, 57, 59, 60, 62, 65, 67, 68, 69, 70, 72, 73, 74, 76, 77, 78, 79, 80]
Fix 50 as 9
Updated blank indexes: [3, 6, 10, 11, 13, 14, 15, 18, 19, 20, 22, 23, 24, 25, 26, 27, 28, 29, 31, 33, 34, 36, 39, 40, 42, 43, 48, 49, 51, 52, 53, 54, 55, 56, 57, 59, 60, 62, 65, 67, 68, 69, 70, 72, 73, 74, 76, 77, 78, 79, 80]
Fix 50 as 9
Updated blank indexes: [3, 6, 10, 11, 13, 14, 15, 18, 19, 20, 22, 23, 24, 25, 26, 27, 28, 29, 31, 33, 34, 36, 39, 40, 42, 43, 48, 49, 51, 52, 53, 54, 55, 56, 57, 59, 60, 62, 65, 67, 68, 69, 70, 72, 73, 74, 76, 77, 78, 79, 80]
Fix 46 as 6
Updated blank indexes: [3, 6, 10, 11, 13, 14, 15, 18, 19, 20, 22, 23, 24, 25, 26, 27, 28, 29, 31, 33, 34, 36, 39, 40, 42, 43, 48, 49, 51, 52, 53, 54, 55, 56, 57, 59, 60, 62, 65, 67, 68, 69, 70, 72, 73, 74, 76, 77, 78, 79, 80]
Fix 46 as 6
Updated blank indexes: [3, 6, 10, 11, 13, 14, 15, 18, 19, 20, 22, 23, 24, 25, 26, 27, 28, 29, 31, 33, 34, 36, 39, 40, 42, 43, 48, 49, 51, 52, 53, 54, 55, 56, 57, 59, 60, 62, 65, 67, 68, 69, 70, 72, 73, 74, 76, 77, 78, 79, 80]
Fix 46 as 6
Updated blank indexes: [3, 6, 10, 11, 13, 14, 15, 18, 19, 20, 22, 23, 24, 25, 26, 27, 28, 29, 31, 33, 34, 36, 39, 40, 42, 43, 48, 49, 51, 52, 53, 54, 55, 56, 57, 59, 60, 62, 65, 67, 68, 69, 70, 72, 73, 74, 76, 77, 78, 79, 80]
Fix 50 as 9
Updated blank indexes: [3, 6, 10, 11, 13, 14, 15, 18, 19, 20, 22, 23, 24, 25, 26, 27, 28, 29, 31, 33, 34, 36, 39, 40, 42, 43, 48, 49, 51, 52, 53, 54, 55, 56, 57, 59, 60, 62, 65, 67, 68, 69, 70, 72, 73, 74, 76, 77, 78, 79, 80]
Fix 50 as 9
Updated blank indexes: [3, 6, 10, 11, 13, 14, 15, 18, 19, 20, 22, 23, 24, 25, 26, 27, 28, 29, 31, 33, 34, 36, 39, 40, 42, 43, 48, 49, 51, 52, 53, 54, 55, 56, 57, 59, 60, 62, 65, 67, 68, 69, 70, 72, 73, 74, 76, 77, 78, 79, 80]
Fix 50 as 9
Updated blank indexes: [3, 6, 10, 11, 13, 14, 15, 18, 19, 20, 22, 23, 24, 25, 26, 27, 28, 29, 31, 33, 34, 36, 39, 40, 42, 43, 48, 49, 51, 52, 53, 54, 55, 56, 57, 59, 60, 62, 65, 67, 68, 69, 70, 72, 73, 74, 76, 77, 78, 79, 80]
Fix 5 as 6
Updated blank indexes: [3, 6, 10, 11, 13, 14, 15, 18, 19, 20, 22, 23, 24, 25, 26, 27, 28, 29, 31, 33, 34, 36, 39, 40, 42, 43, 48, 49, 51, 52, 53, 54, 55, 56, 57, 59, 60, 62, 65, 67, 68, 69, 70, 72, 73, 74, 76, 77, 78, 79, 80]
Fix 5 as 6
Updated blank indexes: [3, 6, 10, 11, 13, 14, 15, 18, 19, 20, 22, 23, 24, 25, 26, 27, 28, 29, 31, 33, 34, 36, 39, 40, 42, 43, 48, 49, 51, 52, 53, 54, 55, 56, 57, 59, 60, 62, 65, 67, 68, 69, 70, 72, 73, 74, 76, 77, 78, 79, 80]
Fix 5 as 6
Updated blank indexes: [3, 6, 10, 11, 13, 14, 15, 18, 19, 20, 22, 23, 24, 25, 26, 27, 28, 29, 31, 33, 34, 36, 39, 40, 42, 43, 48, 49, 51, 52, 53, 54, 55, 56, 57, 59, 60, 62, 65, 67, 68, 69, 70, 72, 73, 74, 76, 77, 78, 79, 80]
Fix 50 as 9
Updated blank indexes: [3, 6, 10, 11, 13, 14, 15, 18, 19, 20, 22, 23, 24, 25, 26, 27, 28, 29, 31, 33, 34, 36, 39, 40, 42, 43, 48, 49, 51, 52, 53, 54, 55, 56, 57, 59, 60, 62, 65, 67, 68, 69, 70, 72, 73, 74, 76, 77, 78, 79, 80]
Fix 50 as 9
Updated blank indexes: [3, 6, 10, 11, 13, 14, 15, 18, 19, 20, 22, 23, 24, 25, 26, 27, 28, 29, 31, 33, 34, 36, 39, 40, 42, 43, 48, 49, 51, 52, 53, 54, 55, 56, 57, 59, 60, 62, 65, 67, 68, 69, 70, 72, 73, 74, 76, 77, 78, 79, 80]
Fix 50 as 9
Updated blank indexes: [3, 6, 10, 11, 13, 14, 15, 18, 19, 20, 22, 23, 24, 25, 26, 27, 28, 29, 31, 33, 34, 36, 39, 40, 42, 43, 48, 49, 51, 52, 53, 54, 55, 56, 57, 59, 60, 62, 65, 67, 68, 69, 70, 72, 73, 74, 76, 77, 78, 79, 80]
Fix 5 as 6
Updated blank indexes: [3, 6, 10, 11, 13, 14, 15, 18, 19, 20, 22, 23, 24, 25, 26, 27, 28, 29, 31, 33, 34, 36, 39, 40, 42, 43, 48, 49, 51, 52, 53, 54, 55, 56, 57, 59, 60, 62, 65, 67, 68, 69, 70, 72, 73, 74, 76, 77, 78, 79, 80]
Fix 5 as 6
Updated blank indexes: [3, 6, 10, 11, 13, 14, 15, 18, 19, 20, 22, 23, 24, 25, 26, 27, 28, 29, 31, 33, 34, 36, 39, 40, 42, 43, 48, 49, 51, 52, 53, 54, 55, 56, 57, 59, 60, 62, 65, 67, 68, 69, 70, 72, 73, 74, 76, 77, 78, 79, 80]
Fix 5 as 6
Updated blank indexes: [3, 6, 10, 11, 13, 14, 15, 18, 19, 20, 22, 23, 24, 25, 26, 27, 28, 29, 31, 33, 34, 36, 39, 40, 42, 43, 48, 49, 51, 52, 53, 54, 55, 56, 57, 59, 60, 62, 65, 67, 68, 69, 70, 72, 73, 74, 76, 77, 78, 79, 80]
Fix 50 as 9
Updated blank indexes: [3, 6, 10, 11, 13, 14, 15, 18, 19, 20, 22, 23, 24, 25, 26, 27, 28, 29, 31, 33, 34, 36, 39, 40, 42, 43, 48, 49, 51, 52, 53, 54, 55, 56, 57, 59, 60, 62, 65, 67, 68, 69, 70, 72, 73, 74, 76, 77, 78, 79, 80]
Fix 50 as 9
Updated blank indexes: [3, 6, 10, 11, 13, 14, 15, 18, 19, 20, 22, 23, 24, 25, 26, 27, 28, 29, 31, 33, 34, 36, 39, 40, 42, 43, 48, 49, 51, 52, 53, 54, 55, 56, 57, 59, 60, 62, 65, 67, 68, 69, 70, 72, 73, 74, 76, 77, 78, 79, 80]
Fix 50 as 9
Updated blank indexes: [3, 6, 10, 11, 13, 14, 15, 18, 19, 20, 22, 23, 24, 25, 26, 27, 28, 29, 31, 33, 34, 36, 39, 40, 42, 43, 48, 49, 51, 52, 53, 54, 55, 56, 57, 59, 60, 62, 65, 67, 68, 69, 70, 72, 73, 74, 76, 77, 78, 79, 80]
Fix 5 as 6
Updated blank indexes: [3, 6, 10, 11, 13, 14, 15, 18, 19, 20, 22, 23, 24, 25, 26, 27, 28, 29, 31, 33, 34, 36, 39, 40, 42, 43, 48, 49, 51, 52, 53, 54, 55, 56, 57, 59, 60, 62, 65, 67, 68, 69, 70, 72, 73, 74, 76, 77, 78, 79, 80]
Fix 5 as 6
Updated blank indexes: [3, 6, 10, 11, 13, 14, 15, 18, 19, 20, 22, 23, 24, 25, 26, 27, 28, 29, 31, 33, 34, 36, 39, 40, 42, 43, 48, 49, 51, 52, 53, 54, 55, 56, 57, 59, 60, 62, 65, 67, 68, 69, 70, 72, 73, 74, 76, 77, 78, 79, 80]
Fix 5 as 6
Updated blank indexes: [3, 6, 10, 11, 13, 14, 15, 18, 19, 20, 22, 23, 24, 25, 26, 27, 28, 29, 31, 33, 34, 36, 39, 40, 42, 43, 48, 49, 51, 52, 53, 54, 55, 56, 57, 59, 60, 62, 65, 67, 68, 69, 70, 72, 73, 74, 76, 77, 78, 79, 80]
Fix 50 as 9
Updated blank indexes: [3, 6, 10, 11, 13, 14, 15, 18, 19, 20, 22, 23, 24, 25, 26, 27, 28, 29, 31, 33, 34, 36, 39, 40, 42, 43, 48, 49, 51, 52, 53, 54, 55, 56, 57, 59, 60, 62, 65, 67, 68, 69, 70, 72, 73, 74, 76, 77, 78, 79, 80]
Fix 50 as 9
Updated blank indexes: [3, 6, 10, 11, 13, 14, 15, 18, 19, 20, 22, 23, 24, 25, 26, 27, 28, 29, 31, 33, 34, 36, 39, 40, 42, 43, 48, 49, 51, 52, 53, 54, 55, 56, 57, 59, 60, 62, 65, 67, 68, 69, 70, 72, 73, 74, 76, 77, 78, 79, 80]
Fix 50 as 9
Updated blank indexes: [3, 6, 10, 11, 13, 14, 15, 18, 19, 20, 22, 23, 24, 25, 26, 27, 28, 29, 31, 33, 34, 36, 39, 40, 42, 43, 48, 49, 51, 52, 53, 54, 55, 56, 57, 59, 60, 62, 65, 67, 68, 69, 70, 72, 73, 74, 76, 77, 78, 79, 80]
Fix 8 as 2
Updated blank indexes: [3, 6, 10, 11, 13, 14, 15, 18, 19, 20, 22, 23, 24, 25, 26, 27, 28, 29, 31, 33, 34, 36, 39, 40, 42, 43, 48, 49, 51, 52, 53, 54, 55, 56, 57, 59, 60, 62, 65, 67, 68, 69, 70, 72, 73, 74, 76, 77, 78, 79, 80]
Fix 8 as 2
Updated blank indexes: [3, 6, 10, 11, 13, 14, 15, 18, 19, 20, 22, 23, 24, 25, 26, 27, 28, 29, 31, 33, 34, 36, 39, 40, 42, 43, 48, 49, 51, 52, 53, 54, 55, 56, 57, 59, 60, 62, 65, 67, 68, 69, 70, 72, 73, 74, 76, 77, 78, 79, 80]
Fix 8 as 2
Updated blank indexes: [3, 6, 10, 11, 13, 14, 15, 18, 19, 20, 22, 23, 24, 25, 26, 27, 28, 29, 31, 33, 34, 36, 39, 40, 42, 43, 48, 49, 51, 52, 53, 54, 55, 56, 57, 59, 60, 62, 65, 67, 68, 69, 70, 72, 73, 74, 76, 77, 78, 79, 80]
Fix 8 as 2
Updated blank indexes: [3, 6, 10, 11, 13, 14, 15, 18, 19, 20, 22, 23, 24, 25, 26, 27, 28, 29, 31, 33, 34, 36, 39, 40, 42, 43, 48, 49, 51, 52, 53, 54, 55, 56, 57, 59, 60, 62, 65, 67, 68, 69, 70, 72, 73, 74, 76, 77, 78, 79, 80]
Fix 8 as 2
Updated blank indexes: [3, 6, 10, 11, 13, 14, 15, 18, 19, 20, 22, 23, 24, 25, 26, 27, 28, 29, 31, 33, 34, 36, 39, 40, 42, 43, 48, 49, 51, 52, 53, 54, 55, 56, 57, 59, 60, 62, 65, 67, 68, 69, 70, 72, 73, 74, 76, 77, 78, 79, 80]
Fix 8 as 2
Updated blank indexes: [3, 6, 10, 11, 13, 14, 15, 18, 19, 20, 22, 23, 24, 25, 26, 27, 28, 29, 31, 33, 34, 36, 39, 40, 42, 43, 48, 49, 51, 52, 53, 54, 55, 56, 57, 59, 60, 62, 65, 67, 68, 69, 70, 72, 73, 74, 76, 77, 78, 79, 80]
Fix 8 as 2
Updated blank indexes: [3, 6, 10, 11, 13, 14, 15, 18, 19, 20, 22, 23, 24, 25, 26, 27, 28, 29, 31, 33, 34, 36, 39, 40, 42, 43, 48, 49, 51, 52, 53, 54, 55, 56, 57, 59, 60, 62, 65, 67, 68, 69, 70, 72, 73, 74, 76, 77, 78, 79, 80]
Fix 8 as 2
Updated blank indexes: [3, 6, 10, 11, 13, 14, 15, 18, 19, 20, 22, 23, 24, 25, 26, 27, 28, 29, 31, 33, 34, 36, 39, 40, 42, 43, 48, 49, 51, 52, 53, 54, 55, 56, 57, 59, 60, 62, 65, 67, 68, 69, 70, 72, 73, 74, 76, 77, 78, 79, 80]
Fix 8 as 2
Updated blank indexes: [3, 6, 10, 11, 13, 14, 15, 18, 19, 20, 22, 23, 24, 25, 26, 27, 28, 29, 31, 33, 34, 36, 39, 40, 42, 43, 48, 49, 51, 52, 53, 54, 55, 56, 57, 59, 60, 62, 65, 67, 68, 69, 70, 72, 73, 74, 76, 77, 78, 79, 80]
Fix 37 as 8
Updated blank indexes: [3, 6, 10, 11, 13, 14, 15, 18, 19, 20, 22, 23, 24, 25, 26, 27, 28, 29, 31, 33, 34, 36, 39, 40, 42, 43, 48, 49, 51, 52, 53, 54, 55, 56, 57, 59, 60, 62, 65, 67, 68, 69, 70, 72, 73, 74, 76, 77, 78, 79, 80]
Fix 37 as 8
Updated blank indexes: [3, 6, 10, 11, 13, 14, 15, 18, 19, 20, 22, 23, 24, 25, 26, 27, 28, 29, 31, 33, 34, 36, 39, 40, 42, 43, 48, 49, 51, 52, 53, 54, 55, 56, 57, 59, 60, 62, 65, 67, 68, 69, 70, 72, 73, 74, 76, 77, 78, 79, 80]
Fix 37 as 8
Updated blank indexes: [3, 6, 10, 11, 13, 14, 15, 18, 19, 20, 22, 23, 24, 25, 26, 27, 28, 29, 31, 33, 34, 36, 39, 40, 42, 43, 48, 49, 51, 52, 53, 54, 55, 56, 57, 59, 60, 62, 65, 67, 68, 69, 70, 72, 73, 74, 76, 77, 78, 79, 80]
Fix 46 as 6
Updated blank indexes: [3, 6, 10, 11, 13, 14, 15, 18, 19, 20, 22, 23, 24, 25, 26, 27, 28, 29, 31, 33, 34, 36, 39, 40, 42, 43, 48, 49, 51, 52, 53, 54, 55, 56, 57, 59, 60, 62, 65, 67, 68, 69, 70, 72, 73, 74, 76, 77, 78, 79, 80]
Fix 46 as 6
Updated blank indexes: [3, 6, 10, 11, 13, 14, 15, 18, 19, 20, 22, 23, 24, 25, 26, 27, 28, 29, 31, 33, 34, 36, 39, 40, 42, 43, 48, 49, 51, 52, 53, 54, 55, 56, 57, 59, 60, 62, 65, 67, 68, 69, 70, 72, 73, 74, 76, 77, 78, 79, 80]
Fix 46 as 6
Updated blank indexes: [3, 6, 10, 11, 13, 14, 15, 18, 19, 20, 22, 23, 24, 25, 26, 27, 28, 29, 31, 33, 34, 36, 39, 40, 42, 43, 48, 49, 51, 52, 53, 54, 55, 56, 57, 59, 60, 62, 65, 67, 68, 69, 70, 72, 73, 74, 76, 77, 78, 79, 80]
Fix 37 as 8
Updated blank indexes: [3, 6, 10, 11, 13, 14, 15, 18, 19, 20, 22, 23, 24, 25, 26, 27, 28, 29, 31, 33, 34, 36, 39, 40, 42, 43, 48, 49, 51, 52, 53, 54, 55, 56, 57, 59, 60, 62, 65, 67, 68, 69, 70, 72, 73, 74, 76, 77, 78, 79, 80]
Fix 37 as 8
Updated blank indexes: [3, 6, 10, 11, 13, 14, 15, 18, 19, 20, 22, 23, 24, 25, 26, 27, 28, 29, 31, 33, 34, 36, 39, 40, 42, 43, 48, 49, 51, 52, 53, 54, 55, 56, 57, 59, 60, 62, 65, 67, 68, 69, 70, 72, 73, 74, 76, 77, 78, 79, 80]
Fix 37 as 8
Updated blank indexes: [3, 6, 10, 11, 13, 14, 15, 18, 19, 20, 22, 23, 24, 25, 26, 27, 28, 29, 31, 33, 34, 36, 39, 40, 42, 43, 48, 49, 51, 52, 53, 54, 55, 56, 57, 59, 60, 62, 65, 67, 68, 69, 70, 72, 73, 74, 76, 77, 78, 79, 80]
Fix 46 as 6
Updated blank indexes: [3, 6, 10, 11, 13, 14, 15, 18, 19, 20, 22, 23, 24, 25, 26, 27, 28, 29, 31, 33, 34, 36, 39, 40, 42, 43, 48, 49, 51, 52, 53, 54, 55, 56, 57, 59, 60, 62, 65, 67, 68, 69, 70, 72, 73, 74, 76, 77, 78, 79, 80]
Fix 46 as 6
Updated blank indexes: [3, 6, 10, 11, 13, 14, 15, 18, 19, 20, 22, 23, 24, 25, 26, 27, 28, 29, 31, 33, 34, 36, 39, 40, 42, 43, 48, 49, 51, 52, 53, 54, 55, 56, 57, 59, 60, 62, 65, 67, 68, 69, 70, 72, 73, 74, 76, 77, 78, 79, 80]
Fix 46 as 6
Updated blank indexes: [3, 6, 10, 11, 13, 14, 15, 18, 19, 20, 22, 23, 24, 25, 26, 27, 28, 29, 31, 33, 34, 36, 39, 40, 42, 43, 48, 49, 51, 52, 53, 54, 55, 56, 57, 59, 60, 62, 65, 67, 68, 69, 70, 72, 73, 74, 76, 77, 78, 79, 80]
Fix 37 as 8
Updated blank indexes: [3, 6, 10, 11, 13, 14, 15, 18, 19, 20, 22, 23, 24, 25, 26, 27, 28, 29, 31, 33, 34, 36, 39, 40, 42, 43, 48, 49, 51, 52, 53, 54, 55, 56, 57, 59, 60, 62, 65, 67, 68, 69, 70, 72, 73, 74, 76, 77, 78, 79, 80]
Fix 37 as 8
Updated blank indexes: [3, 6, 10, 11, 13, 14, 15, 18, 19, 20, 22, 23, 24, 25, 26, 27, 28, 29, 31, 33, 34, 36, 39, 40, 42, 43, 48, 49, 51, 52, 53, 54, 55, 56, 57, 59, 60, 62, 65, 67, 68, 69, 70, 72, 73, 74, 76, 77, 78, 79, 80]
Fix 37 as 8
Updated blank indexes: [3, 6, 10, 11, 13, 14, 15, 18, 19, 20, 22, 23, 24, 25, 26, 27, 28, 29, 31, 33, 34, 36, 39, 40, 42, 43, 48, 49, 51, 52, 53, 54, 55, 56, 57, 59, 60, 62, 65, 67, 68, 69, 70, 72, 73, 74, 76, 77, 78, 79, 80]
Fix 46 as 6
Updated blank indexes: [3, 6, 10, 11, 13, 14, 15, 18, 19, 20, 22, 23, 24, 25, 26, 27, 28, 29, 31, 33, 34, 36, 39, 40, 42, 43, 48, 49, 51, 52, 53, 54, 55, 56, 57, 59, 60, 62, 65, 67, 68, 69, 70, 72, 73, 74, 76, 77, 78, 79, 80]
Fix 46 as 6
Updated blank indexes: [3, 6, 10, 11, 13, 14, 15, 18, 19, 20, 22, 23, 24, 25, 26, 27, 28, 29, 31, 33, 34, 36, 39, 40, 42, 43, 48, 49, 51, 52, 53, 54, 55, 56, 57, 59, 60, 62, 65, 67, 68, 69, 70, 72, 73, 74, 76, 77, 78, 79, 80]
Fix 46 as 6
Updated blank indexes: [3, 6, 10, 11, 13, 14, 15, 18, 19, 20, 22, 23, 24, 25, 26, 27, 28, 29, 31, 33, 34, 36, 39, 40, 42, 43, 48, 49, 51, 52, 53, 54, 55, 56, 57, 59, 60, 62, 65, 67, 68, 69, 70, 72, 73, 74, 76, 77, 78, 79, 80]
All potential values for empty positions:
 {0: [3], 3: [8, 5], 5: [6], 6: [8, 5], 8: [2], 10: [2, 5, 7], 11: [9, 2, 7], 13: [1, 2, 5], 14: [2, 5, 7], 15: [1, 5, 9], 18: [9, 5, 6, 7], 19: [2, 5, 7], 20: [9, 2, 6, 7], 22: [1, 2, 5, 8], 23: [2, 5, 7], 24: [1, 4, 5, 8, 9], 25: [1, 5, 8, 9], 26: [1, 4, 9], 27: [9, 4, 7], 28: [2, 4, 7], 29: [9, 2, 7], 31: [2, 3, 4], 33: [1, 2, 3, 4, 7, 9], 34: [1, 2, 3, 9], 36: [9, 4, 7], 37: [8], 39: [2, 7], 40: [2, 3, 4], 42: [2, 3, 4, 7, 9], 43: [9, 2, 3], 46: [6], 48: [2, 5, 7], 49: [2, 4, 5], 50: [9], 51: [2, 4, 7, 8], 52: [8, 2], 53: [4, 7], 54: [5, 6], 55: [3, 5], 56: [8, 1], 57: [8, 2, 5], 59: [2, 3, 5], 60: [1, 2, 3, 5, 6, 9], 62: [1, 9], 65: [6, 7], 67: [3, 4, 5, 6], 68: [3, 4, 5], 69: [3, 5, 6, 7], 70: [3, 5], 72: [4, 5, 6, 7], 73: [3, 4, 5, 7], 74: [8, 1], 76: [2, 3, 4, 5, 6, 8], 77: [2, 3, 4, 5], 78: [1, 2, 3, 5, 6, 7], 79: [1, 2, 3, 5], 80: [1, 7]}
Let's get one possible solution...
